A B C D E
2 2 2 2 2
1 1 1 0 1
1 0 0 1 0
1 1 1 0 0
0 0 0 1 1
1 0 1 0 0
1 1 0 0 0
1 0 1 0 0
0 0 0 0 0
1 0 1 1 0
0 0 0 1 1
0 1 0 1 1
1 1 1 0 1
1 1 0 0 0
1 0 1 1 0
0 0 0 1 1
1 0 1 0 0
1 0 0 1 1
1 1 0 1 0
1 0 1 1 1
0 0 0 1 1
0 1 1 0 1
0 0 0 0 1
0 1 0 0 0
1 0 1 0 1
0 1 1 1 0
1 1 0 0 0
0 1 1 1 0
1 0 1 0 1
0 1 1 0 1
0 0 0 1 1
1 1 0 0 1
1 1 0 0 1
1 1 0 0 0
1 0 1 0 1
0 0 0 1 1
1 1 1 1 0
0 1 1 1 0
1 0 1 1 0
1 0 0 1 1
1 1 0 1 1
1 0 1 1 0
1 0 1 0 1
1 0 0 0 0
1 0 1 1 1
1 1 1 1 0
1 0 1 1 0
0 1 1 0 1
0 0 0 0 0
0 1 0 0 0
1 1 0 0 0
0 1 1 0 1
1 1 1 0 1
1 0 1 1 0
0 1 0 1 1
1 1 0 0 0
0 0 0 0 0
1 1 1 0 1
0 1 1 1 0
1 1 0 0 1
1 0 1 0 0
0 1 1 0 1
1 0 1 0 1
1 1 1 0 0
1 1 0 0 0
0 0 0 0 0
1 1 0 0 1
0 0 0 0 0
1 1 0 1 1
1 1 0 0 1
0 0 0 1 1
1 1 0 0 0
1 0 0 1 1
0 1 1 0 1
0 0 1 0 0
1 1 0 1 1
1 0 1 0 1
1 1 0 0 0
1 0 1 0 1
1 1 0 0 0
1 1 0 1 1
0 1 0 1 0
0 1 1 1 0
1 1 0 0 0
0 1 1 1 0
1 1 0 1 0
0 0 0 0 0
1 1 0 1 1
0 1 1 0 1
1 0 1 0 0
0 0 0 0 0
0 0 0 0 1
1 0 0 0 0
1 1 1 0 1
1 1 1 1 1
1 0 1 0 1
1 0 1 0 0
0 1 1 0 1
1 0 1 0 0
0 0 0 0 1
1 1 1 0 0
0 1 1 0 1
1 0 1 0 1
1 1 1 1 0
1 1 1 0 1
1 0 1 0 0
1 0 1 1 0
0 1 1 0 1
1 0 1 0 1
0 1 1 0 1
0 1 1 0 1
0 0 1 0 1
1 0 1 0 1
0 1 1 1 0
1 1 1 0 1
1 1 0 0 1
1 1 0 0 0
1 0 1 0 1
1 0 1 0 1
1 1 1 1 0
0 1 1 1 0
1 1 1 0 0
1 0 1 1 0
0 0 0 1 1
0 0 0 0 0
1 0 1 1 1
0 1 1 1 0
1 0 1 0 1
1 1 1 0 1
1 1 1 0 1
1 0 1 0 1
0 0 1 0 1
0 1 1 0 1
1 1 1 1 1
0 1 1 1 0
0 1 1 0 1
0 0 0 0 0
0 1 1 0 1
1 0 1 0 0
0 1 0 0 0
1 0 1 1 0
0 1 1 0 1
0 0 0 1 1
1 0 1 0 1
0 1 1 1 0
0 0 0 1 1
0 0 0 1 1
1 1 0 1 1
1 0 1 1 0
0 0 0 0 0
0 0 0 1 0
1 1 0 1 0
0 0 1 1 0
0 1 1 0 0
0 1 1 0 1
0 0 0 1 0
1 0 1 0 1
1 0 1 0 1
0 0 0 0 1
1 1 1 1 0
0 0 0 0 0
1 1 1 0 1
0 1 1 0 1
0 1 1 0 1
1 1 1 1 0
0 0 0 1 1
1 1 0 1 1
0 1 1 0 1
0 0 0 1 1
0 0 0 0 1
1 1 0 1 1
0 1 1 0 0
1 1 0 1 1
0 0 0 0 1
0 1 0 0 0
0 0 0 1 1
1 0 1 0 1
0 1 1 1 0
0 1 1 0 0
1 1 0 0 0
0 0 0 1 1
0 0 0 0 1
0 0 0 1 1
0 0 0 1 1
0 1 0 1 0
1 0 1 1 1
0 0 1 0 1
0 0 0 1 0
0 0 0 0 0
0 0 0 0 1
1 0 1 0 1
1 1 0 0 0
1 1 1 1 0
1 0 1 0 1
0 1 1 0 0
0 1 1 1 1
1 0 1 0 0
1 0 1 0 1
1 0 1 1 0
1 1 1 1 0
0 1 1 0 1
1 1 1 0 1
1 1 0 0 0
1 1 0 1 1
0 1 1 1 0
1 1 1 0 1
0 1 1 0 1
0 1 1 1 0
0 1 1 1 0
0 1 1 0 0
0 0 0 1 1
0 1 1 0 1
0 0 1 1 0
1 1 0 0 0
1 0 1 1 0
0 1 1 1 0
0 1 1 0 1
1 0 1 0 1
0 0 0 0 0
0 1 1 1 0
1 1 0 0 0
0 0 0 1 0
1 1 0 0 0
0 1 1 1 0
0 0 0 0 0
0 0 0 1 1
1 1 0 0 1
0 1 1 0 1
1 1 0 0 0
1 0 1 1 0
1 1 0 0 0
1 1 1 1 0
0 1 1 1 0
1 1 1 1 1
1 0 1 1 0
0 1 0 0 0
0 1 1 0 0
1 0 0 1 1
0 1 1 0 0
0 1 1 1 0
1 0 1 0 1
0 1 1 0 1
1 1 1 1 0
1 1 0 1 1
1 1 0 1 0
0 0 1 0 0
1 1 1 0 1
1 1 0 1 1
1 0 1 0 1
1 1 0 0 0
1 0 1 0 1
0 0 0 0 1
0 0 0 0 0
0 0 0 1 0
1 0 1 1 0
1 1 1 1 0
0 0 0 0 0
1 0 1 1 0
1 0 1 1 0
0 1 1 0 1
1 0 1 0 1
0 0 0 0 0
0 1 1 0 0
1 1 0 0 0
0 1 1 0 0
1 0 1 0 1
1 0 1 0 1
0 0 0 1 0
0 0 0 1 1
0 1 1 0 1
0 1 0 0 0
0 0 0 1 1
0 1 1 0 1
1 1 0 0 0
1 1 0 0 1
1 1 0 0 0
0 0 0 1 1
0 0 0 0 1
1 0 1 0 1
0 0 0 0 1
0 0 1 0 1
0 0 0 0 1
0 0 1 0 0
1 0 1 0 0
1 1 0 0 0
1 0 1 0 1
0 0 1 1 0
0 1 1 1 0
0 0 0 0 0
1 1 1 0 1
1 1 1 0 1
0 0 0 1 1
0 1 1 0 1
0 1 1 1 1
1 1 0 1 0
1 0 1 1 0
0 1 1 0 1
0 1 1 1 0
0 0 0 0 1
0 0 0 1 1
1 0 1 0 1
0 0 0 0 0
1 1 0 0 1
1 0 1 0 0
1 1 0 1 0
0 0 0 0 0
1 0 1 0 1
0 0 0 1 1
0 0 1 1 0
1 1 0 0 0
1 1 0 1 1
0 0 0 0 0
0 1 1 0 1
0 0 0 0 1
0 0 0 0 0
0 0 0 0 0
0 0 0 0 1
1 1 0 1 1
0 1 1 0 1
1 1 0 1 1
1 0 1 1 0
1 1 0 0 0
1 1 0 0 1
0 1 1 1 0
1 1 0 1 1
1 0 1 0 0
0 1 0 1 1
0 1 1 0 1
1 1 1 0 1
0 1 1 0 0
1 1 0 1 0
0 1 1 0 1
0 1 1 0 1
0 1 1 0 1
1 1 0 0 0
0 0 0 0 0
1 1 0 0 1
1 0 1 0 0
0 0 0 1 1
1 1 0 0 0
1 0 1 0 0
1 0 1 0 1
1 1 0 1 1
1 1 0 0 1
1 0 1 1 1
0 0 0 1 1
0 0 0 1 1
1 0 1 0 1
0 0 0 1 1
0 1 1 0 0
1 1 1 0 0
0 0 0 0 1
0 0 0 1 1
1 1 0 0 1
1 1 0 0 0
0 0 1 0 1
0 0 0 1 0
0 0 0 1 1
1 1 0 1 0
0 0 0 0 0
0 1 1 0 0
1 1 0 0 0
1 1 1 1 0
0 1 1 1 1
1 1 1 0 1
1 1 0 0 1
1 0 1 1 0
1 0 1 0 1
0 0 0 0 0
0 1 1 0 1
0 1 0 1 1
1 0 0 1 0
0 0 0 0 1
0 1 1 0 1
1 1 1 1 0
0 0 0 1 0
1 1 1 0 1
1 1 0 1 1
1 1 0 1 1
0 1 1 1 0
0 1 1 0 1
0 1 1 1 0
1 1 0 1 1
0 1 1 0 1
0 0 0 0 0
0 0 0 0 1
1 1 0 0 0
0 1 1 1 0
0 1 1 0 1
0 0 0 1 0
1 1 0 1 1
0 0 0 0 0
0 1 0 1 1
0 0 0 1 1
1 1 0 1 1
1 1 0 0 1
0 1 1 0 0
1 0 1 0 1
1 1 0 1 1
0 0 0 1 1
0 0 0 1 1
0 1 1 1 0
0 1 0 1 0
1 0 1 0 1
1 0 1 0 1
1 1 0 1 1
1 1 0 0 0
1 0 1 0 0
0 1 1 0 1
0 0 0 0 0
1 0 1 1 0
0 1 1 0 1
0 1 0 1 0
0 1 1 0 0
0 0 0 1 1
0 1 1 0 1
1 0 1 1 0
1 0 1 1 0
1 0 1 1 0
1 0 1 1 0
1 0 1 1 0
1 0 1 1 1
1 0 1 1 0
1 0 1 0 0
1 1 0 1 1
0 1 0 0 1
0 0 0 0 1
0 0 0 1 1
0 0 0 1 1
1 1 0 0 0
0 1 1 0 1
1 0 1 0 1
1 0 1 1 1
0 1 0 0 0
1 1 0 0 0
1 1 0 0 0
1 0 1 1 1
1 1 0 1 1
1 1 1 0 1
0 0 0 1 1
1 0 1 0 1
1 1 0 0 0
0 0 0 0 0
0 0 0 0 0
1 1 0 1 1
0 1 1 1 1
1 0 1 1 0
1 1 0 1 1
0 0 0 1 1
0 1 1 0 1
1 1 1 1 0
0 0 0 0 0
1 0 1 1 0
0 1 1 0 0
0 1 1 0 1
1 1 0 0 0
1 1 0 0 1
0 1 1 0 0
1 1 0 1 1
1 1 1 1 0
1 0 1 0 0
0 1 1 1 0
0 1 1 0 1
1 1 1 0 1
0 0 0 1 1
0 0 0 1 0
0 0 0 1 0
0 0 0 0 0
0 1 1 0 1
0 0 0 1 0
0 0 0 1 1
1 0 1 1 0
0 1 1 0 1
0 1 1 0 1
1 0 1 1 0
1 0 1 0 0
1 0 1 0 1
0 1 0 0 0
0 0 0 0 0
0 1 0 1 0
1 0 1 0 1
1 0 1 0 1
0 0 1 0 0
1 1 0 0 0
1 1 0 0 0
1 0 0 1 1
1 0 0 1 0
1 0 1 1 1
1 0 1 1 0
1 0 1 0 1
1 1 0 1 0
0 1 0 1 1
0 0 0 0 0
0 0 0 0 1
1 0 1 0 1
0 0 0 0 0
0 0 0 1 1
1 1 0 0 1
1 0 1 0 1
0 1 1 0 1
1 1 1 1 0
0 1 1 0 0
0 1 1 1 0
0 0 0 1 0
1 0 1 1 0
0 0 1 1 1
0 1 1 0 1
1 0 1 1 0
0 1 1 1 0
1 1 1 1 0
1 1 0 0 0
0 0 0 0 0
1 0 1 0 1
0 0 0 0 1
0 0 0 1 1
1 1 0 0 0
0 0 0 0 0
0 0 0 0 1
0 0 0 1 1
0 0 0 1 1
0 0 0 0 0
1 0 1 1 0
1 0 0 1 1
1 0 1 1 0
1 0 1 0 1
1 1 1 1 0
0 0 0 1 1
1 1 0 0 0
1 1 1 0 1
0 0 0 1 1
1 1 1 0 1
1 0 1 0 1
0 1 1 0 1
0 1 0 0 0
1 0 1 1 0
0 0 1 1 1
1 1 0 1 1
0 0 0 0 0
0 0 0 1 0
1 1 1 0 1
1 0 1 0 1
1 1 0 0 0
1 1 1 1 1
1 0 1 1 0
0 0 0 1 1
0 0 0 1 1
0 0 1 0 1
0 0 0 0 1
0 0 0 0 1
0 0 0 0 0
1 1 0 0 1
1 1 0 0 0
1 1 1 1 0
1 1 1 0 1
0 0 0 0 0
1 1 0 0 0
1 1 0 1 1
1 1 0 0 1
1 0 1 1 0
0 1 1 0 1
1 0 1 0 0
0 1 0 1 1
1 0 1 1 1
0 1 0 0 0
0 1 1 0 1
1 0 1 0 1
0 1 1 1 0
0 1 1 1 0
0 0 0 0 0
0 1 0 0 0
0 1 1 0 0
1 0 1 1 1
0 0 0 1 1
0 0 0 1 1
1 0 1 0 1
0 1 1 1 1
0 1 0 0 0
0 1 0 1 1
1 0 1 0 1
0 1 1 1 0
0 0 0 0 1
0 0 0 0 0
0 0 0 0 0
1 0 1 0 1
0 1 1 1 1
1 0 1 0 1
0 1 1 0 0
1 0 1 1 0
0 1 1 0 1
1 0 1 1 0
1 0 1 1 0
0 1 0 1 0
0 1 1 0 1
0 1 0 0 0
0 1 1 0 1
0 1 1 1 0
0 0 0 1 0
1 0 1 1 0
1 0 1 1 0
0 0 0 0 1
0 1 0 0 0
1 1 0 0 0
1 1 0 1 1
0 0 0 1 1
0 1 1 1 0
0 1 1 1 1
1 0 1 0 1
1 0 1 0 1
0 0 0 0 0
0 0 0 0 1
1 1 0 1 1
1 1 1 1 0
0 1 1 1 0
0 1 0 1 1
1 1 0 0 0
0 1 1 0 1
1 0 1 0 0
1 1 1 0 1
0 1 1 1 0
0 0 0 1 0
1 1 0 1 1
1 0 1 0 1
1 1 0 0 0
0 1 0 0 1
1 0 0 0 1
1 1 1 1 0
0 0 0 0 0
0 1 0 0 0
0 0 0 0 0
1 0 1 1 0
0 0 0 0 0
0 1 1 0 1
1 1 1 0 1
1 1 0 0 0
0 0 0 1 1
0 0 1 0 1
1 0 1 0 1
1 0 1 0 0
1 0 1 0 0
1 1 0 1 1
0 1 1 0 1
0 1 1 1 0
0 1 1 0 0
1 0 1 0 0
0 1 1 0 0
0 1 1 0 0
0 1 1 0 1
0 1 1 0 1
1 1 0 0 0
1 1 0 0 0
0 1 1 0 0
0 0 0 0 1
1 1 0 1 1
0 1 0 1 1
1 0 1 0 0
0 1 1 1 0
1 0 1 0 1
0 0 0 0 0
1 0 1 1 0
0 0 0 0 0
0 0 0 0 1
1 0 1 1 0
0 1 1 1 0
0 0 0 0 0
0 1 1 0 1
1 0 1 1 0
1 0 1 0 1
1 1 1 0 1
1 1 0 0 1
0 0 0 1 1
0 0 0 1 1
0 1 0 1 0
0 1 1 0 1
1 1 1 0 0
1 1 0 0 1
1 0 0 1 1
0 1 1 0 1
0 0 0 0 1
0 1 1 1 1
1 0 1 1 0
1 1 0 0 0
0 0 0 1 1
1 0 1 0 0
0 0 1 0 1
0 0 0 0 0
1 0 1 1 0
1 0 0 0 0
0 1 1 0 1
1 1 1 1 0
1 0 1 1 0
1 1 0 1 1
0 1 1 1 0
0 0 0 0 0
1 0 1 0 1
1 1 0 0 0
0 1 1 0 0
0 1 1 1 0
1 0 0 1 0
0 0 0 0 0
0 1 1 1 0
1 0 1 0 1
0 0 0 1 1
1 1 0 1 1
1 1 0 0 0
1 1 0 0 0
0 1 1 0 1
0 1 1 0 0
0 0 0 1 0
1 0 1 0 0
0 1 1 0 1
1 1 1 1 0
0 1 1 1 0
0 0 1 1 0
0 0 0 0 0
0 1 1 0 1
1 1 0 1 1
1 1 0 0 1
1 0 1 0 0
1 0 1 0 1
0 1 1 0 1
1 0 0 1 0
1 0 1 1 0
1 1 0 1 1
1 0 1 1 0
1 1 0 0 0
1 1 0 0 0
1 0 1 1 1
1 1 0 1 1
1 1 1 0 0
0 0 0 0 1
1 1 1 1 0
1 1 0 0 0
0 1 1 0 0
1 1 0 0 0
0 1 1 1 0
0 0 0 1 1
0 1 1 0 0
0 1 1 1 0
0 1 0 1 1
1 1 1 0 0
1 1 0 1 1
1 0 1 0 0
0 0 0 0 1
1 0 0 0 0
0 1 0 0 0
1 0 1 0 1
0 0 0 1 1
0 1 1 0 1
0 0 0 1 1
0 1 1 1 0
1 0 1 0 1
1 1 0 0 1
1 1 0 1 1
1 1 0 0 0
0 1 1 1 0
1 1 0 1 1
1 1 1 1 0
0 1 0 0 0
0 0 0 1 1
1 0 1 1 0
1 1 0 0 0
0 1 0 1 1
0 0 0 1 1
0 1 1 0 1
0 0 0 0 0
0 0 0 0 0
1 1 1 1 0
0 0 0 1 0
0 0 0 0 0
0 1 1 0 1
0 1 0 1 0
1 1 0 0 0
1 0 1 0 0
1 0 1 1 1
1 0 1 0 1
1 1 0 1 1
0 0 0 0 0
0 0 1 0 0
1 1 1 1 0
0 0 1 1 0
1 1 0 1 1
1 1 1 1 0
0 1 1 0 1
1 1 0 1 1
0 1 1 0 1
0 1 1 0 1
1 1 1 0 1
0 0 0 0 1
1 1 1 0 1
0 1 0 0 0
1 0 1 0 1
0 1 1 0 0
1 1 0 0 1
0 0 0 0 0
0 0 0 0 0
0 1 1 0 0
0 0 0 1 0
1 0 1 0 0
1 0 1 1 0
1 1 1 0 1
1 0 1 0 0
1 0 1 0 1
1 0 0 0 0
0 1 1 1 0
0 1 0 0 0
1 1 0 1 1
1 1 1 0 1
1 0 0 0 0
0 0 0 0 0
1 0 0 1 1
1 0 1 0 0
0 0 0 1 1
1 0 0 1 1
0 0 0 0 0
1 0 1 1 0
1 0 1 1 0
1 1 1 0 1
0 1 1 0 1
1 0 1 1 0
0 0 1 0 1
0 1 1 0 1
1 1 0 0 1
0 0 0 1 1
1 1 1 1 1
0 0 0 0 0
0 0 0 0 0
0 1 0 1 1
0 1 1 0 1
1 1 1 1 0
0 0 0 0 0
1 1 0 1 1
0 0 0 1 1
0 0 0 0 1
0 0 0 0 0
1 0 1 1 1
0 1 1 1 0
0 1 1 0 1
0 0 0 0 0
0 0 0 1 0
1 0 1 0 0
1 1 1 0 1
0 0 0 0 0
1 0 1 1 0
1 1 1 1 0
1 0 1 0 0
0 1 1 0 1
0 0 0 1 1
0 0 0 1 0
0 0 1 1 0
1 0 1 0 0
0 1 0 1 1
1 0 1 0 1
1 0 1 1 0
1 1 1 0 1
0 0 0 1 0
1 0 1 0 1
1 1 1 0 1
0 1 1 0 0
1 0 1 0 1
0 1 1 0 1
0 0 0 1 1
1 1 0 1 1
1 1 0 0 0
1 1 0 1 0
0 1 1 1 1
1 0 1 1 0
0 0 0 1 0
1 0 1 0 0
1 1 1 0 1
1 0 1 0 0
0 0 0 0 0
1 1 0 0 0
1 1 0 0 0
1 1 0 1 1
0 0 0 0 0
0 1 1 1 1
0 0 0 0 0
1 0 1 0 1
0 1 1 0 1
0 0 1 0 1
1 0 1 1 0
1 1 0 0 0
0 1 1 0 1
0 1 1 0 1
1 1 0 1 1
1 1 0 0 1
1 0 1 0 1
0 1 1 1 0
0 0 0 1 1
0 0 1 0 1
0 0 0 1 1
1 1 0 0 0
1 0 1 0 1
1 1 1 0 1
0 1 1 0 1
1 1 1 1 0
0 1 1 0 0
0 1 1 1 0
0 1 0 0 0
0 1 1 0 1
0 0 1 0 1
1 1 0 1 1
0 1 1 0 1
0 1 0 1 1
1 1 1 1 0
1 0 1 1 1
0 0 0 1 1
0 0 0 1 1
0 1 1 0 1
0 1 1 0 0
1 1 0 0 1
1 0 0 0 0
0 1 1 0 1
1 0 1 1 0
1 0 1 0 1
0 1 0 1 1
1 0 1 0 1
1 1 0 0 0
0 1 0 1 1
0 0 0 1 1
1 1 0 0 1
0 1 1 0 0
1 0 1 0 1
0 1 1 1 1
0 0 0 0 1
0 0 0 1 1
0 0 0 0 0
0 1 1 0 1
0 0 0 1 1
0 1 0 0 0
1 0 1 1 0
0 0 0 1 0
0 0 0 0 0
0 1 1 0 1
0 0 0 0 0
0 1 1 1 0
1 1 0 1 1
0 0 0 0 0
0 1 1 0 1
1 1 1 1 0
1 0 1 0 1
0 0 0 1 1
1 0 1 0 1
0 0 0 1 1
1 1 0 0 0
1 0 1 0 1
0 1 1 0 0
1 0 1 0 1
1 0 1 0 1
1 1 0 0 0
0 1 1 0 1
1 1 1 0 1
0 1 1 1 0
0 0 0 0 1
1 1 1 1 1
0 1 1 0 1
1 1 0 0 0
1 0 1 0 0
0 0 0 0 0
1 0 0 1 1
0 1 1 0 1
0 0 1 1 1
0 1 1 0 0
0 1 1 0 1
0 1 1 1 0
0 0 0 0 0
0 1 0 0 1
1 1 1 0 1
0 0 1 1 0
1 0 0 1 1
0 1 1 0 0
1 0 1 0 1
0 0 0 0 0
1 1 0 0 0
1 0 1 0 1
0 1 0 1 1
1 1 0 0 0
0 1 1 0 1
0 0 0 1 1
1 0 1 1 0
0 1 1 0 1
1 1 0 0 1
0 0 0 0 0
0 1 1 0 1
1 1 1 0 1
1 1 0 0 0
0 1 1 0 1
1 0 1 0 0
1 1 0 1 1
0 0 0 0 0
0 0 0 0 0
0 1 1 1 0
1 1 1 0 0
1 0 1 1 1
1 1 1 0 1
1 0 1 0 1
0 0 0 1 0
1 0 0 0 0
1 1 1 0 1
1 0 1 0 1
0 1 0 0 0
